10101100101011001010110100101010
11001010100101101001010110101001
01101001010110100101011010100101
10100101101001010110100101011010
01011010010101101001010110100101
10100101011010010101101001010110
01010110100101011010010101101001
10100101011010010101101001010110



10101100101011001010110100101010
11001010100101101001010110101001
011010010101101200101011010100101
1010101101001010110100101011010
01011010010101101001010110100101
10100101011010010101101001010110
01010110100101011010010101101001
10100101011010010101101001010110