0.936359
0.892456
0.800864
0.827390
0.888185
0.314637
0.325783
0.164654
0.874027
0.755297
0.887484
0.670757
0.425089
0.922942
0.313164
0.704516
0.665944
0.322609
0.076529
0.122958
0.011684
0.040430
0.732609
0.702096
0.623475
0.144799
0.624289
0.475751
0.108851
0.489831
0.314426
0.900362
0.266092
0.019417
0.004703
0.544370
0.277407
0.508076
0.000534
0.341476
0.952780
0.231386
0.087153
0.625252
0.522705
0.984142
0.633771
0.805680
0.303044
0.061545
0.238458
0.909994
0.259080
0.201682
0.916733
0.648080
0.291511
0.311016
0.881916
0.191256
0.958258
0.316167
0.384944
0.437274
0.997949
0.252208
0.482562
0.197664
0.164559
0.525466
0.755297
0.517481
0.034696
0.320416
0.936359
0.064281
0.161350
0.110643
0.672385
0.344271
0.290864
0.052904
0.203413
0.538281
0.661425
0.271398
0.343543
0.040321
0.226243
0.666241
0.078886
0.309868
0.784218
0.838225
0.424705
0.736214
0.641481
0.997141
0.778702
0.040321
0.213779
0.529156
0.472364
0.095787
0.411088
0.505631
0.197259
0.754659
0.663352
0.242382
0.238458
0.604413
0.114166
0.271871
0.242382
0.541215
0.497357
0.223054
0.628140
0.750821
0.588967
0.867549
0.704956
0.391488
0.437989
0.270973
0.754375
0.687604
0.928128
0.679262
0.551996
0.125226
0.644892
0.023021
0.463008
0.920762
0.872548
0.813427
0.687751
0.614378
0.634438
0.156483
0.354233
0.975843
0.405528
0.124950
0.729791
0.320416
0.012780
0.974382
0.127761
0.499437
0.364966
0.053090
0.402795
0.659350
0.623993
0.592124
0.367009
0.219900
0.863762
0.668166
0.014619
0.628140
0.093623
0.728995
0.978456
0.493277
0.366366
0.404968
0.883346
0.751106
0.171727
0.810856
0.288629
0.131071
0.741818
0.943989
0.998000
0.692393
0.086208
0.817687
0.992071
0.431512
0.493139
0.949087
0.570693
0.313742
0.892244
0.622513
0.635401
0.762927
0.499160
0.721598
0.219539
0.899595
0.158870
0.388571
0.561394
0.469729
0.559655
0.857732
0.099649
0.076139
0.991018
0.596901
0.648748
0.705762
0.405528
0.319616
0.623179
0.528233
0.328110
0.712929
0.027928
0.519314
0.323898
0.921264
0.493001
0.817426
0.680075
0.277599
0.012780
0.053618
0.841345
0.120190
0.308619
0.106211
0.608101
0.228306
0.072359
0.353947
0.861999
0.729502
0.177222
0.053336
0.261969
0.560162
0.902245
0.619479
0.076594
0.063288
0.780499
0.536137
0.212406
0.200223
0.172287
0.263677
0.747542
0.633474
0.998328
0.659053
0.837974
0.917154
0.741962
0.903557
0.408209
0.883949
0.664685
0.713732
0.110395
0.253778
0.634586
0.661129
0.021226
0.795607
0.304174
0.217539
0.119827
0.763560
0.380619
0.707519
0.341253
0.474259
0.194621
0.435846
0.414358
0.734484
0.220867
0.501104
0.106037
0.665648
0.582739
0.884660
0.421197
0.647784
0.146660
0.096605
0.272013
0.683768
0.038714
0.159209
0.123975
0.129355
0.272630
0.277599
0.362350
0.850810
0.852145
0.527168
0.953231
0.659053
0.264651
0.820811
0.035556
0.998336
0.294565
0.293261
0.956319
0.101809
0.011334
0.276974
0.324489
0.352863
0.802206
0.834010
0.156149
0.467708
0.593887
0.716066
0.221028
0.337367
0.682955
0.511998
0.937336
0.235304
0.146660
0.250869
0.989435
0.223501
0.389907
0.401062
0.090913
0.795471
0.286457
0.438835
0.275011
0.334775
0.091027
0.635698
0.097752
0.381517
0.784355
0.095529
0.418467
0.674605
0.541072
0.685981
0.695116
0.849106
0.149299
0.957047
0.278852
0.807277
0.589407
0.940377
0.988749
0.492104
0.259080
0.218137
0.916122
0.312167
0.366133
0.529156
0.644224
0.530223
0.168952
0.374130
0.117834
0.888077
0.325783
0.157275
0.654531
0.397978
0.025649
0.719562
0.834262
0.718470
0.698939
0.020653
0.955751
0.022106
0.238158
0.323307
0.225627
0.995356
0.536280
0.306494
0.576233
0.461603
0.792079
0.881916
0.818274
0.120871
0.234669
0.032668
0.674753
0.191724
0.720362
0.524404
0.353605
0.901585
0.567055
0.850020
0.801334
0.431770
0.061946
0.144913
0.092442
0.573534
0.447474
0.103372
0.955751
0.454941
0.497496
0.208371
0.398532
0.174740
0.108518
0.551852
0.651640
0.573388
0.589114
0.079321
0.522069
0.277503
0.967571
0.299723
0.657274
0.455937
0.268853
0.606330
0.371825
0.148105
0.335821
0.791059
0.357442
0.594034
0.600876
0.656607
0.603307
0.369530
0.927561
0.888077
0.670757
0.413413
0.040394
0.376741
0.767211
0.090327
0.942914
0.472228
0.615782
0.488799
0.558135
0.706567
0.285621
0.993839
0.436819
0.576890
0.432480
0.485230
0.559366
0.089725
0.566474
0.144231
0.168467
0.272203
0.841469
0.838913
0.952780
0.544944
0.272630
0.911787
0.760813
0.668980
0.538138
0.755580
0.097267
0.827390
0.371353
0.325405
0.873288
0.735421
0.054746
0.893618
0.973421
0.616595
0.076952
0.245127
0.087666
0.118096
0.624437
0.333566
0.618518
0.636513
0.911062
0.850689
0.280836
0.853836
0.308879
0.884168
0.617852
0.295018
0.634586
0.532714
0.232099
0.775513
0.394664
0.448462
0.278949
0.783943
0.717014
0.886184
0.543724
0.238887
0.850567
0.257394
0.670757
0.572295
0.376087
0.093487
0.180760
0.562844
0.393502
0.424130
0.322716
0.041924
0.971435
0.619627
0.194002
0.301508
0.724431
0.308879
0.928693
0.497911
0.174307
0.057469
0.798982
0.543868
0.898360
0.696367
0.938386
0.763419
0.560307
0.402547
0.306391
0.899030
0.616743
0.093235
0.325783
0.706274
0.997052
0.769940
0.174008
0.388329
0.359804
0.543724
0.651640
0.271777
0.882412
0.285081
0.404036
0.548251
0.355091
0.561394
0.477654
0.956252
0.457666
0.540785
0.101767
0.142649
0.714024
0.135661
0.671867
0.172980
0.447014
0.731670
0.879867
0.554810
0.514596
0.659350
0.444781
0.665278
0.079826
0.844195
0.151150
0.632956
0.146028
0.352863
0.355320
0.257394
0.119923
0.350759
0.467573
0.731815
0.466699
0.991156
0.874876
0.051221
0.397056
0.424833
0.239016
0.191400
0.727765
0.460734
0.053312
0.471958
0.158932
0.601539
0.271493
0.831665
0.624289
0.760037
0.311801
0.627029
0.847639
0.684579
0.841345
0.026590
0.679410
0.578132
0.709422
0.290864
0.200709
0.412847
0.929428
0.957965
0.919476
0.961955
0.959925
0.771755
0.109274
0.484751
0.838913
0.483451
0.729936
0.850446
0.471485
0.303506
0.312849
0.979895
0.311696
0.779739
0.472837
0.439225
0.850020
0.038662
0.383078
0.882522
0.811120
0.422025
0.891448
0.886889
0.872434
0.918968
0.314426
0.800730
0.656607
0.346969
0.045118
0.082101
0.809996
0.414358
0.236792
0.318233
0.119923
0.071835
0.209799
0.927561
0.874763
0.300385
0.530721
0.313742
0.264558
0.351270
0.205042
0.909164
0.417073
0.826557
0.063659
0.610980
0.778217
0.760813
0.349172
0.864406
0.725229
0.307271
0.816837
0.596754
0.654383
0.073825
0.357040
0.566619
0.887592
0.797094
0.444191
0.550122
0.616595
0.866911
0.661425
0.000925
0.846597
0.082430
0.158010
0.560452
0.139669
0.155694
0.913036
0.217459
0.635698
0.415999
0.086135
0.995548
0.153468
0.544513
0.068336
0.773428
0.239832
0.123552
0.496872
0.704516
0.441182
0.487151
0.838913
0.315797
0.611127
0.706274
0.134213
0.736070
0.439812
0.593887
0.079573
0.760037
0.375849
0.652900
0.542792
0.999665
0.733403
0.318233
0.729646
0.430803
0.625918
0.114468
0.513823
0.665944
0.230926
0.784218
0.836468
0.815987
0.476498
0.891076
0.233107
0.530721
0.830266
0.208795
0.982224
0.940021
0.164368
0.986959
0.325891
0.525183
0.992369
0.312063
0.528872
0.800730
0.095489
0.351099
0.520867
0.547315
0.493001
0.545303
0.630214
0.722543
0.158010
0.015578
0.409459
0.316484
0.213779
0.723995
0.821071
0.492104
0.111776
0.820811
0.196229
0.330721
0.621551
0.459532
0.935292
0.008182
0.048149
0.631696
0.740096
0.508076
0.120871
0.219097
0.035179
0.256622
0.447342
0.275536
0.839725
0.447474
0.697028
0.004390
0.838100
0.797836
0.686129
0.127480
0.431189
0.833883
0.791195
0.988141
0.529299
0.532856
0.729646
0.970410
0.203716
0.640220
0.220061
0.338474
0.962750
0.361597
0.061799
0.523483
0.434873
0.881419
0.989644
0.644076
0.554810
0.844442
0.875385
0.218937
0.654531
0.499576
0.812308
0.842834
0.940811
0.577036
0.418720
0.959160
0.010857
0.551347
0.618222
0.123602
0.380499
0.277599
0.893618
0.350021
0.551852
0.965398
0.325999
0.720653
0.969363
0.209877
0.305152
0.720362
0.528233
0.993219
0.158747
0.529299
0.098015
0.883840
0.505911
0.868820
0.342927
0.717961
0.898927
0.726171
0.846167
0.002269
0.982936
0.550410
0.322395
0.705469
0.390697
0.547459
0.913658
0.380080
0.042453
0.853956
0.241818
0.527310
0.817556
0.279287
0.592785
0.501243
0.779601
0.532856
0.975583
0.775097
0.385969
0.214960
0.433062
0.624956
0.664167
0.908724
0.773428
0.972388
0.376206
0.250201
0.777178
0.589261
0.272535
0.352578
0.972107
0.903356
0.788398
0.557774
0.661277
0.746471
0.076496
0.972490
0.936359
0.852387
0.367126
0.454676
0.649860
0.184635
0.918458
0.896444
0.146171
0.647784
0.371471
0.411339
0.188152
0.815856
0.548538
0.579082
0.762645
0.097408
0.468718
0.414484
0.780775
0.614821
0.928780
0.430803
0.026553
0.939505
0.562989
0.959639
0.412973
0.887484
0.755580
0.129097
0.865806
0.814150
0.521786
0.405092
0.137557
0.574482
0.078419
0.508356
0.010603
0.688562
0.830138
0.218417
0.718907
0.455804
0.682955
0.043908
0.699894
0.794862
0.975583
0.641184
0.448198
0.579082
0.197553
0.639256
0.791943
0.959988
0.128428
0.876961
0.660165
0.699747
0.784836
0.778702
0.852266
0.102588
0.787646
0.201682
0.992369
0.178542
0.617261
0.728995
0.671423
0.184949
0.279383
0.655495
0.475751
0.477518
0.958807
0.157337
0.894983
0.584349
0.417770
0.868820
0.138980
0.518750
0.238372
0.017291
0.396933
0.881419
0.978214
0.137720
0.160634
0.890757
0.513542
0.834831
0.688710
0.266792
0.029409
0.815135
0.650527
0.614673
0.265906
0.273771
0.359054
0.148657
0.460267
0.245127
0.405528
0.054986
0.135257
0.589261
0.571494
0.166663
0.032534
0.107458
0.441770
0.777178
0.682143
0.106450
0.162570
0.938907
0.886997
0.794862
0.373775
0.760178
0.942837
0.655495
0.192336
0.992943
0.958258
0.052834
0.364093
0.679262
0.175977
0.347533
0.828223
0.348776
0.292810
0.177357
0.304379
0.616891
0.328707
0.079911
0.009026
0.299164
0.213504
0.495695
0.202245
0.947331
0.052108
0.012510
0.546237
0.080131
0.623475
0.544370
0.304379
0.656607
0.522705
0.936441
0.353605
0.798106
0.173013
0.065373
0.955818
0.199888
0.430674
0.519808
0.001595
0.896236
0.867549
0.320523
0.483314
0.586401
0.650824
0.178237
0.679927
0.348549
0.892138
0.692541
0.564223
0.891661
0.914087
0.790309
0.167209
0.386876
0.442358
0.575430
0.018230
0.348041
0.078886
0.906901
0.638144
0.142481
0.537351
0.190074
0.767211
0.805813
0.373775
0.402423
0.739163
0.651343
0.301814
0.461870
0.673347
0.570838
0.153468
0.932499
0.169439
0.467977
0.121188
0.702756
0.914182
0.694969
0.708178
0.741962
0.459132
0.055228
0.187691
0.336649
0.424513
0.794456
0.214290
0.223054
0.791807
0.744612
0.295974
0.944825
0.380619
0.143580
0.139752
0.187161
0.086244
0.903356
0.782292
0.046668
0.283905
0.423300
0.322502
0.107502
0.319616
0.053090
0.065344
0.984106
0.845921
0.086552
0.335105
0.095529
0.438249
0.624956
0.065811
0.674457
0.282002
0.716577
0.166631
0.406337
0.099115
0.791807
0.642000
0.521009
0.522988
0.591316
0.375849
0.958742
0.554955
0.976496
0.687899
0.278852
0.008094
0.693498
0.766440
0.805813
0.155422
0.064769
0.227685
0.600581
0.338696
0.700701
0.917854
0.246048
0.690331
0.815266
0.350021
0.508356
0.960807
0.176616
0.610020
0.556833
0.192589
0.504585
0.013981
0.544011
0.330013
0.296328
0.148803
0.081119
0.540284
0.157001
0.277936
0.380978
0.386876
0.777040
0.527026
0.560307
0.041821
0.591022
0.123876
0.521927
0.124300
0.275728
0.382717
0.547315
0.661425
0.701509
0.579082
0.280836
0.211158
0.534567
0.487151
0.102377
0.828606
0.363453
0.449186
0.302377
0.116552
0.805813
0.386755
0.453350
0.960744
0.732465
0.566111
0.686793
0.600876
0.159611
0.158685
0.735277
0.089838
0.776901
0.463477
0.851357
0.379722
0.329033
0.192444
0.497496
0.679115
0.236792
0.155422
0.585301
0.703856
0.385306
0.998481
0.440399
0.316008
0.092442
0.588600
0.909994
0.422025
0.464483
0.279383
0.056957
0.819121
0.052211
0.152186
0.588454
0.974382
0.558714
0.631844
0.594695
0.789150
0.961212
0.250958
0.606035
0.743825
0.868705
0.831665
0.906157
0.408771
0.334995
0.231554
0.633623
0.814282
0.810129
0.513402
0.027883
0.667870
0.408646
0.556833
0.277888
0.481060
0.197738
0.127429
0.810129
0.196633
0.317067
0.772662
0.364733
0.866562
0.829181
0.682955
0.925359
0.097752
0.383860
0.610980
0.158255
0.767982
0.768752
0.580836
0.810724
0.536566
0.395460
0.061079
0.461402
0.091484
0.167756
0.929342
0.016151
0.411339
0.833187
0.487494
0.236792
